6529	590
5120	432
14003	203
8634	500
1898	201
8634	363
10315	128
13082	590
558	262
5941	110
7588	153
8740	28
5545	222
2691	306
6211	531
6169	283
8404	20
8446	432
5550	208
4566	109
4470	367
6889	110
9795	531
3824	140
3922	140
8492	392
1400	368
8634	242
4639	101
8634	502
2226	273
10667	347
9129	250
5804	169
9659	27
9418	457
13953	631
11906	325
1857	107
7582	30
15628	399
509	531
1454	319
11999	126
11999	198
14963	236
11723	335
10473	123
2464	91
12794	16
5618	289
12711	397
8634	460
10836	424
8634	28
5571	618
1039	399
8878	349
3887	392
15536	75
5545	330
2813	311
10427	335
12185	161
2706	274
1090	133
14307	201
12811	242
8740	138
14422	365
1564	491
6278	424
8634	287
1014	544
6997	517
11999	57
11265	148
8922	309
5058	381
106	121
8639	363
3698	81
10652	254
9172	443
10898	269
14307	105
4769	233
12747	96
13409	89
12747	99
6418	30
9169	75
6381	269
4973	421
15171	222
10685	254
5545	158
12372	201
5819	273
4639	107
7834	242
15906	432
11657	283
8922	311
4024	121
5788	205
12608	200
11199	126
3604	246
11070	200
5089	247
9795	532
3074	200
12711	143
14422	273
1273	153
10473	138
11969	408
1564	364
12971	196
9164	25
12922	6
11898	126
8634	10
4759	188
13082	143
5804	201
7582	4
13409	6
11265	138
4639	370
3961	188
509	187
9172	380
8634	126
6381	221
5545	101
2706	273
7582	311
10159	254
15723	126
1090	458
9418	222
4270	364
13409	121
12808	457
5819	490
10315	397
9795	155
2407	309
11830	197
2363	287
998	349
13249	89
13249	25
6395	285
11704	606
9659	271
14307	592
4281	99
2498	267
15354	491
4920	274
10315	230
1755	445
8634	325
12866	227
14963	367
9319	257
6529	308
2691	432
1926	544
13987	269
5630	491
1564	622
7200	4
5545	88
13762	109
1400	287
5816	616
14375	200
243	132
15156	392
15221	344
8639	254
8208	349
4299	531
6395	30
9650	123
12649	69
9107	257
7200	16
11244	373
15354	488
2226	197
14488	231
10612	101
5804	246
12811	218
2148	138
5089	399
1854	16
12298	10
5120	335
4711	10
10159	413
1854	2
3330	393
9107	75
10363	448
13417	121
12214	97
13762	491
7318	107
2226	325
1854	457
9084	10
4639	380
1456	183
7582	55
5560	321
13762	274
7521	110
6	254
4941	246
15189	88
9440	143
5571	619
4024	269
5082	367
8405	235
9319	333
5120	382
4299	116
7047	606
11898	257
5089	502
10930	163
5545	269
13992	28
9029	456
6515	66
13762	128
10019	27
9617	57
11648	16
11437	321
12000	246
4711	13
13987	349
13987	134
46	349
14566	28
12724	321
3310	321
10159	253
13843	619
14307	285
9907	445
1159	272
14345	399
3033	363
1564	25
8634	631
5630	375
7975	231
7863	10
9052	309
11898	631
9795	318
2924	140
5434	412
7834	46
6418	54
3521	397
3452	445
2691	619
4769	445
4024	370
14992	133
13192	440
11657	280
2898	140
8441	257
4639	230
4169	103
6516	253
13082	397
4839	168
10930	356
13249	606
2464	491
8634	285
12811	273
998	309
1795	408
2305	363
14003	440
5545	164
13249	269
8639	103
7582	336
675	363
6441	190
5120	27
5120	397
13417	123
1742	403
2226	163
12859	531
2226	250
13987	273
8669	95
15153	242
11648	2
3558	226
8137	397
675	272
5092	531
7582	8
6211	173
11999	200
8634	6
13316	393
3251	368
7834	364
13762	8
584	138
10427	16
10368	8
2706	272
5120	99
11244	543
4024	436
12747	169
10019	213
15156	246
2691	354
9714	100
6653	138
7661	169
6366	188
15354	489
15874	196
5862	432
5733	365
5630	344
4024	88
7047	126
10473	140
3300	242
3506	188
13987	236
5545	440
11898	183
10019	214
15906	222
4639	235
6211	382
4024	222
1834	169
125	136
13987	27
15092	367
2432	20
2038	214
7589	134
1386	544
15723	150
8771	101
13762	592
9617	363
6700	445
11648	8
8634	200
106	440
9659	214
6366	269
9634	103
5630	412
15092	106
5179	311
1984	456
1159	274
4759	143
8634	397
6381	271
3506	397
7834	392
10898	152
4839	107
5630	161
3922	188
10315	140
2691	247
9164	126
15156	192
14375	397
4925	445
675	364
13987	222
9901	308
11044	155
7978	89
5230	336
15349	55
11019	136
6366	152
6317	99
9650	445
12082	213
5386	258
12608	183
6529	311
2407	443
8500	356
13918	55
9073	607
3300	240
6093	201
2815	356
8137	140
9129	252
875	491
4566	88
3140	138
2698	198
9073	231
6441	285
3880	335
3452	456
2713	531
4299	118
5545	6
2363	377
13987	75
14492	197
9460	460
8634	289
10315	218
14375	399
5120	236
11996	309
12747	97
7189	55
1121	109
7883	257
4024	75
13200	96
558	163
9554	250
11723	222
13987	100
11265	308
3604	308
5134	201
1984	216
15221	412
10473	132
4711	632
2963	367
13004	30
509	402
13992	190
12082	486
6679	287
11830	235
5771	618
2226	458
2363	389
4270	274
2924	271
13987	332
4639	216
12164	354
5230	350
9737	99
1755	138
2290	182
8740	23
5799	103
154	197
15189	402
5558	350
14375	250
825	28
14622	402
1456	363
2226	443
9685	132
14375	363
13987	88
9121	445
3211	531
1854	444
14823	412
11019	138
11352	311
10427	283
12825	460
4941	143
9164	486
5641	500
7200	10
10427	531
8102	242
7582	363
2976	140
8208	285
1031	309
11648	75
9172	168
11352	445
9901	311
14767	390
6700	140
2706	364
2038	622
10607	397
10607	222
14299	440
4024	349
10315	327
5733	272
9914	456
14422	214
4769	397
3278	333
1456	456
12922	2
1854	54
11265	197
12214	341
12298	616
1335	66
6395	138
13004	327
9100	109
3097	283
4771	227
1031	198
10427	285
5804	327
7200	2
12044	349
7200	339
15843	619
8186	252
4941	138
7834	488
8639	253
9546	238
7575	403
13762	490
6286	456
4326	54
4270	213
10952	138
12608	393
3310	202
6185	121
15153	246
14037	267
3851	341
4566	155
15843	350
15171	289
5197	321
2357	55
125	54
5545	590
5035	75
13987	271
13409	246
8711	318
1572	333
1984	632
13953	8
7582	456
7051	200
2924	169
10429	225
5545	118
8634	23
8634	110
7934	264
11336	460
13931	95
8634	590
2250	188
4737	216
1854	4
10473	89
5230	116
2148	222
2226	272
9901	185
5545	392
6169	138
12926	590
9129	321
2226	280
8480	163
5819	253
2363	408
1335	140
2464	364
2924	272
4318	231
7863	6
6366	25
243	121
1564	432
2323	75
4769	138
4566	200
6441	399
12082	543
5092	287
5630	213
9685	397
6395	200
1335	631
14307	158
5120	140
6169	543
6366	89
8634	193
9795	169
1919	140
13987	418
15874	201
15253	205
8088	393
8651	132
9319	57
8634	222
6169	28
5947	445
9172	368
6419	321
1564	27
4299	161
12046	336
96	188
7978	421
10832	335
12971	197
12608	445
1984	168
4024	413
14307	327
875	489
2407	289
14622	203
2226	209
8634	532
2226	392
1039	187
2464	365
5410	136
2226	152
4270	486
154	201
1273	152
12046	235
13987	190
12298	4
11352	23
12811	491
12372	285
9052	308
10952	188
5630	341
2706	490
6169	280
14307	392
9678	310
2226	208
13759	335
1919	264
6418	632
14622	272
9084	6
6529	309
14422	490
7489	187
1039	202
13249	421
2815	590
9185	325
13992	185
12298	163
6441	107
14492	185
8669	257
15354	271
5630	214
2706	94
12711	188
8669	250
2844	69
13409	269
6441	25
11999	364
13987	213
8634	257
14299	489
6211	143
2148	46
10736	138
7052	325
5211	242
6093	390
10315	283
1078	34
15052	126
2148	143
5971	140
3261	143
12353	140
596	399
10019	198
2924	491
3880	354
7834	192
14992	491
8634	136
15792	444
2226	363
2835	440
9100	517
5089	618
1386	413
3773	491
1031	311
6836	200
3911	448
6441	163
5545	105
10315	196
3033	532
4088	321
2407	140
9129	308
2544	321
14037	264
6169	285
12082	269
14307	168
10427	4
5971	143
3033	216
6441	287
14782	500
1386	341
10898	439
11265	443
3824	445
3028	354
5120	502
8634	402
7788	113
9046	224
9129	309
7863	2
6679	440
4639	264
15156	190
12966	306
12298	6
1400	278
13992	101
5120	69
6679	280
3558	66
12808	310
4920	490
4653	257
12747	168
10363	252
5819	365
4920	271
5120	347
13762	272
14566	136
3097	150
9440	187
2363	393
14343	145
2290	140
12710	247
10473	229
5092	280
2363	490
14020	262
4270	622
15686	368
5120	163
10315	356
14622	240
1044	271
11375	607
5545	318
9901	309
12044	46
2038	145
7934	266
9650	132
15153	188
1031	229
3773	486
13987	309
12926	163
6997	208
6418	16
12943	325
2407	264
839	254
8208	445
3097	155
13992	123
4470	412
10473	198
1564	161
9129	440
6211	341
6395	97
1120	457
1039	308
2844	616
5819	364
7582	183
13987	308
8634	488
10221	319
10315	193
12703	152
8639	188
11999	491
10315	333
13762	16
7582	632
11244	266
7051	306
1031	432
6395	145
4839	380
7218	543
14307	169
8515	201
13953	10
4169	363
13992	183
151	198
4304	618
12532	432
14343	271
1031	336
6441	161
998	55
8208	116
11996	308
588	349
6590	257
154	188
4639	500
8634	310
10159	531
12044	203
2226	488
5630	365
243	269
558	349
11244	152
2857	392
7582	502
4196	214
2898	161
13035	240
4925	188
8480	225
154	140
10736	349
8639	397
4769	188
10019	25
154	28
1919	188
4759	8
3097	280
13992	145
1216	335
5089	373
6978	201
8102	240
8088	375
2808	392
8506	421
14375	238
1039	543
2290	138
4639	192
10123	432
825	8
6810	205
14343	365
1456	23
1298	75
8634	132
2464	27
5819	274
1795	311
825	118
4076	69
8669	81
12747	81
5630	188
12825	397
2432	347
4925	143
11352	134
6111	590
6590	344
2698	200
12372	287
12825	445
8634	58
5594	264
10607	246
9178	225
13762	364
8480	321
6810	389
8771	363
8446	339
7575	393
4024	341
3922	136
4711	2
6093	393
5230	502
5558	54
9418	231
8232	335
12108	143
2706	488
13915	103
6211	140
2706	218
1564	365
6590	607
14514	325
1101	399
2363	488
4769	235
11199	136
4769	140
1810	94
15763	235
10368	2
2250	158
4759	397
10315	424
15686	258
7582	319
1706	285
2363	247
7582	231
4076	319
15775	460
3300	254
6121	413
9460	235
7834	274
7834	106
11352	308
9714	408
9650	607
6211	412
12082	227
7582	148
12046	606
7582	381
4789	27
2924	622
829	143
5571	96
563	325
9109	46
15843	319
4839	203
15725	200
12082	214
10315	367
8634	434
11665	200
5197	317
11234	397
8102	316
14854	148
4839	202
8634	490
6049	236
106	132
10898	153
6093	113
11265	143
8208	278
6211	23
15171	370
1039	203
14299	457
4653	368
9460	319
1335	411
12372	309
4304	247
12372	193
9714	254
12747	264
14307	308
154	339
8809	444
5320	616
12883	161
4024	10
15153	101
3521	445
9272	30
5181	150
14854	153
8639	23
9650	134
1027	27
5545	350
12883	363
14037	432
11723	110
12046	412
12214	330
10473	421
6516	69
15390	403
8634	368
3851	412
11999	490
2665	20
9319	500
9164	27
4639	389
6093	370
5230	319
5545	460
14052	532
2305	339
12298	13
9795	140
5089	99
6169	373
14375	403
11244	264
14343	491
14307	136
8634	91
11898	185
9650	200
12298	592
14307	411
13987	490
5057	272
2464	213
5120	273
7834	397
2363	531
11265	152
14375	607
8634	349
12811	489
13987	460
10368	4
15775	440
15156	96
10736	397
12372	106
7264	229
6379	616
15044	230
12825	188
8088	377
2984	269
7589	161
10427	6
5788	207
1273	148
9795	105
4476	126
9139	143
9714	27
8515	96
4299	500
11234	143
998	57
7834	436
10221	350
10473	327
1159	27
5630	93
10315	440
11352	188
10315	332
9172	238
5545	319
2038	27
5941	246
12315	253
6395	236
13987	272
5571	354
8781	205
11903	246
14180	218
6441	145
1121	311
12608	185
14734	377
12459	418
3097	152
8163	285
6211	445
12214	393
13762	4
5630	439
2363	489
11070	432
3604	309
14700	134
12538	356
10607	258
6450	169
6169	287
10015	173
6622	631
7051	247
10019	622
13762	488
9523	375
755	363
7200	15
7788	138
883	185
12302	374
9319	118
6679	95
2036	271
12082	123
4639	221
4941	445
6093	258
1036	103
9460	350
584	531
5630	349
1706	421
14343	213
6169	432
8515	88
8492	252
14353	107
6381	421
5057	490
14854	152
9678	262
14211	287
8634	622
15723	152
11265	196
10930	173
14343	490
5630	347
3452	187
1564	368
8634	271
14307	325
11244	285
11244	148
6366	143
8208	214
7582	531
14307	280
14566	185
8634	421
7900	246
10427	278
15874	434
9650	213
2323	325
13004	32
14307	264
6418	4
5120	213
12811	272
5089	148
3880	247
9650	214
2148	445
6441	27
10315	330
1854	6
5545	4
154	250
1481	163
9121	143
12538	168
4281	606
12618	161
15153	335
12883	138
13992	105
10368	317
3452	221
14388	208
3773	274
8500	253
3880	242
5230	341
9650	373
15536	23
3434	363
13987	421
9178	381
6179	216
1984	13
11996	310
14963	229
10315	381
7582	349
3604	606
12082	235
3771	57
13343	432
5630	377
11975	235
1027	145
8877	242
3851	319
11019	397
9580	413
5230	34
5804	133
9185	231
14992	269
9795	143
9546	208
10952	140
1039	193
10368	15
8972	367
9073	23
3028	306
5804	420
10315	138
8634	311
14992	489
4470	344
14422	486
13987	491
11975	233
9084	16
15092	368
2741	317
2038	486
11019	188
5545	113
2363	252
6441	280
12046	413
12808	155
15354	365
106	246
11657	390
11352	143
5630	486
12164	185
7834	25
9129	240
9319	285
8634	272
8441	193
1273	187
2323	375
15189	109
6921	123
558	266
5630	116
12372	109
9458	25
4639	133
8186	81
2464	486
15153	240
10656	250
7582	399
5545	169
15906	349
10607	257
4088	333
12926	20
11830	196
6836	214
4920	488
2464	175
10019	421
5733	490
1044	491
4759	13
2498	193
5545	344
8634	8
11437	317
1854	349
15153	138
2924	258
6395	150
5230	344
7589	54
10159	344
6645	140
11375	242
13249	27
7171	100
675	365
13887	173
13949	221
8284	163
8809	238
4088	109
5545	23
1706	287
7589	153
6395	374
8208	143
13987	54
12710	370
14307	377
12315	327
154	138
10656	126
13252	439
5545	123
11312	161
9678	308
2290	397
13949	225
2706	134
10363	54
829	54
9052	424
2706	93
8634	618
9795	381
9807	531
5781	233
5545	57
14299	132
12465	96
13780	121
3773	88
5179	309
8634	443
3979	155
154	106
6590	413
13992	363
3880	257
5571	163
7588	152
7863	13
12859	448
4759	6
4371	444
5971	445
10898	258
14445	23
6418	13
4076	46
4639	363
10315	28
2407	310
8634	350
1159	491
13992	622
14992	531
4024	13
9911	118
12620	403
10315	34
823	28
5120	110
11244	278
13949	134
13200	97
15874	222
1481	333
8441	393
13409	2
11898	126
2924	190
7138	148
5120	193
6836	335
1823	250
12608	397
5545	321
9100	103
14566	183
15153	143
6522	341
12214	412
7582	408
4920	273
675	489
2407	163
3872	267
11723	169
1159	273
10652	347
12372	310
13987	365
9659	274
7589	264
8634	163
6169	327
2448	460
11265	310
3140	23
14307	310
7834	16
13417	132
3773	330
12710	619
6362	266
13409	132
10315	607
6366	161
675	491
10793	136
6997	266
4024	2
8446	152
5550	327
10427	8
14851	246
13992	486
2691	618
13199	456
8634	317
5971	138
3261	126
7582	344
12711	445
7575	375
15156	155
15171	607
8634	75
12883	235
5630	27
5616	267
998	311
2706	365
11307	432
6366	23
3452	140
2363	278
11234	188
12000	105
12436	238
5120	188
10315	203
4639	233
5057	365
1036	161
5230	183
14890	106
14375	143
1204	222
4920	330
1919	445
3310	235
3330	424
9659	272
9100	392
2226	283
12759	136
8638	460
3922	445
13249	486
675	274
10221	372
3773	273
4941	188
8137	143
5089	152
14299	274
3409	250
2148	188
1715	448
13417	289
5181	339
4371	254
12082	27
13953	15
7814	202
15092	311
7900	354
1044	489
1454	327
1273	432
1456	280
7047	308
4639	458
8480	103
4697	392
10430	55
15271	30
1044	272
5179	308
3773	27
11265	140
9659	213
10315	69
812	367
13987	25
8137	445
11131	310
10019	88
14343	488
6093	434
2363	274
14003	185
8583	128
12711	140
1039	377
4920	356
12618	226
2464	622
10315	207
1984	440
6366	145
10652	253
563	163
8492	20
5434	413
5804	390
3452	101
9418	349
243	128
9318	262
10736	370
8446	150
14514	287
12550	198
1857	368
9659	489
3261	188
2226	207
4716	253
8634	413
15381	231
7900	325
8638	46
6211	344
1027	214
5545	421
10315	101
1706	280
3851	544
2444	175
2363	544
2570	289
6381	91
5120	226
12825	140
10836	161
8634	491
2036	274
7978	88
14492	363
4925	397
9714	382
8208	222
15354	272
13409	10
1919	143
9084	13
5424	367
8634	221
5545	413
5630	432
15723	153
2330	440
8711	616
5630	25
14138	330
13992	132
14051	30
7589	486
12922	15
12082	132
11723	636
14492	128
4270	489
3496	203
14307	267
6707	140
3911	390
14492	196
11747	354
5092	278
1044	365
14388	161
1014	19
14574	97
7200	318
4318	432
12298	8
3961	445
13992	88
15686	309
7582	341
10315	285
2464	489
5120	445
6119	242
5804	168
919	193
15153	397
5120	378
11704	382
11244	169
6700	188
14854	236
3851	246
14886	607
3140	140
7218	209
7589	432
2665	250
2691	4
5197	349
9172	110
6679	349
12883	196
10898	89
8634	367
8447	318
2036	159
13992	266
15717	456
1564	486
5971	188
15171	325
6211	606
1564	367
2290	224
14307	266
8651	88
14343	440
15189	200
13843	306
8634	389
11648	10
13863	185
10473	188
4076	253
12298	590
9084	15
9169	169
9907	397
11265	456
7834	188
10373	368
8740	188
11830	258
8515	106
3880	592
558	27
11999	421
3558	631
9650	486
12164	247
6395	380
12149	363
11999	89
10930	445
12811	207
14375	138
10159	367
8634	182
10033	138
8634	408
12044	202
9795	113
3773	490
5630	413
4270	490
9129	150
5120	258
15354	364
6121	133
8492	250
5545	254
1984	444
13409	123
8480	432
8634	2
12372	283
2984	200
1561	238
9272	32
5771	247
12966	354
1564	140
6622	201
5089	543
2226	543
2407	188
8634	175
8634	373
9659	365
8137	188
875	488
13409	211
4270	27
9319	592
5781	532
1031	200
2844	374
2250	140
10033	456
6381	364
13949	250
3434	126
5392	402
14782	238
7575	377
8740	140
4920	364
8634	99
10898	421
15092	607
1854	222
3558	113
11648	632
8634	247
1400	285
4925	392
13424	363
6366	34
4920	335
12808	311
6522	412
2815	502
14299	272
2706	229
12808	308
10736	372
11199	138
14992	272
8441	113
11830	233
8634	106
12747	432
2649	333
14492	374
2250	397
8634	46
12353	188
1755	140
3880	193
588	222
9956	100
10930	622
10473	397
13992	192
9650	188
6836	622
4024	188
5466	544
8634	327
8634	344
2226	134
5558	356
1572	332
2036	489
8441	375
6921	444
6529	310
3516	242
7589	132
2713	236
11665	198
5181	148
9172	253
13316	375
10898	502
3452	436
12608	363
11999	489
8634	280
3979	432
14307	502
2291	531
10315	402
9458	6
12538	169
2984	88
7582	444
9418	269
3854	242
9458	13
1823	107
1044	274
5545	193
12082	145
5630	311
8634	205
11312	218
13103	197
11352	332
3310	203
9129	242
2698	225
9949	155
154	81
5545	424
9617	55
14938	145
12825	143
829	397
10930	138
7900	197
15775	34
4270	271
11199	397
2464	273
12044	161
9107	332
14343	364
11070	133
7863	440
9523	377
3773	145
13409	460
2448	233
2407	152
8634	240
10427	198
5545	457
9685	188
1159	488
6418	8
9907	143
5630	397
13987	28
8634	134
584	143
825	13
3228	606
1400	283
9714	214
5230	226
13953	6
12608	143
4653	168
14492	95
8634	187
7834	27
875	150
3604	311
6653	128
6653	445
2226	221
2226	365
12572	363
6211	188
4024	16
14375	69
2148	397
11244	335
11898	592
8639	372
285	209
6110	134
13992	214
509	66
5941	55
632	246
5733	488
15092	133
4024	344
9650	69
11747	247
10315	287
15906	140
6395	280
3140	445
14992	136
9073	309
5630	222
3348	23
1564	188
3097	266
2407	202
8284	356
96	143
5941	57
4566	105
4024	15
15536	28
9659	488
2226	55
6381	490
4639	190
2924	488
4088	332
12747	100
8634	316
4759	632
3824	188
4088	246
5545	363
12046	95
12747	424
8634	254
13987	488
2432	502
13409	210
6700	397
10898	132
9046	182
12436	368
12747	367
8651	421
4789	214
10363	250
8639	136
6921	121
2464	221
11657	278
10019	486
5230	413
4326	55
6121	190
5545	632
12794	632
9523	439
10685	110
2544	99
14375	161
2226	187
15775	46
9650	121
9659	491
9659	616
6362	264
10898	225
10221	225
14514	168
8987	136
7582	6
15874	106
12926	103
4076	327
6121	128
4759	138
8208	283
2291	252
12747	250
5781	350
6707	445
2741	321
1456	349
13918	57
4759	4
9073	308
829	445
10159	236
12108	140
2250	445
2036	488
4769	75
4639	187
9458	28
2464	214
14851	136
15171	590
9418	262
9795	445
5082	368
12747	190
7953	101
14305	344
11969	257
6419	317
3362	69
5630	121
5545	439
13035	242
7589	213
15189	421
8634	207
7582	118
3521	123
11723	327
5120	364
5630	274
8634	309
243	421
2363	155
11265	445
6653	143
4392	399
12747	267
13082	23
5819	488
12883	233
2363	273
9185	209
3521	143
4839	200
5947	140
2363	128
6211	335
4024	372
5545	448
8634	308
8480	382
5630	285
13953	2
4318	318
9714	213
6836	25
4639	532
12811	190
96	28
8492	81
6653	188
12922	4
2464	271
7834	69
13342	392
13762	257
1456	285
7582	150
1564	143
9073	28
2924	274
5594	267
2226	153
3717	390
5057	488
6645	445
8634	15
14514	250
1564	490
13987	274
7200	8
11023	252
15171	262
5434	344
9319	109
15536	100
3506	138
15092	188
8163	278
14343	274
14422	145
11265	150
10159	110
5819	254
6395	458
11747	306
9253	229
3452	159
5089	619
13409	88
12866	109
7582	54
8634	432
2544	445
13915	81
5630	75
558	254
14572	238
12724	257
6278	225
1031	197
6381	274
3773	622
8878	54
4973	269
13417	432
14492	448
10566	183
2898	397
12747	606
11199	143
5545	198
9046	250
4024	412
9164	55
7582	116
6093	332
3922	397
7834	8
10427	632
7589	121
9153	236
11898	185
2498	266
2924	25
154	397
5630	411
15253	242
9458	622
6395	590
10103	205
6395	622
5630	140
10315	109
8809	252
9319	55
11352	89
9418	205
4789	622
4196	622
3348	28
2976	28
5630	28
11244	168
12703	148
6121	341
675	246
4196	25
3824	138
10607	349
2815	113
11244	209
4270	491
2984	421
4920	272
14938	486
2363	354
12966	247
10315	336
14514	285
9129	502
9901	310
10442	205
6366	229
8922	310
2363	392
558	105
6366	140
4024	138
5089	335
14422	491
3521	188
7900	198
9907	188
13417	101
1454	350
9109	460
9107	590
8634	458
9121	138
2226	150
2323	393
13424	619
9650	349
6395	208
15171	93
14211	316
8163	54
12108	397
8634	140
10898	123
12808	309
125	227
2363	306
7582	592
6211	413
5630	308
15686	205
7189	57
15092	140
2924	138
7582	20
2407	397
14307	133
15156	311
2363	283
4839	198
4973	411
2464	274
3698	252
1823	161
8809	500
10315	445
1027	486
6278	264
3521	140
243	123
8232	424
558	486
7863	632
10612	607
2036	491
6779	126
13987	448
13082	188
6645	397
5545	46
14851	308
7834	118
6622	95
11352	370
6211	246
6395	32
9458	15
10373	367
5545	325
6381	365
9084	378
10429	432
584	188
15171	363
5733	271
11265	397
8634	444
3028	619
8651	269
12568	229
1919	138
14307	380
12883	205
10656	252
11265	188
7834	622
14207	321
3521	138
12353	445
7200	6
8711	436
6286	350
15874	325
10930	436
7047	432
14307	247
4196	213
8634	66
2898	143
5120	365
2691	632
2924	28
4920	365
6366	138
10427	287
14422	274
12825	444
4789	486
8634	32
4639	356
2857	54
5630	185
6782	606
9172	335
15153	257
825	6
9795	317
11999	272
15156	283
10019	200
14307	225
3851	350
675	197
1027	213
6381	89
10368	13
2290	445
6119	69
15189	344
10315	373
7200	607
12372	311
2706	367
2363	136
14307	252
3521	209
7582	207
11747	619
12883	143
4024	101
8922	163
14514	54
6836	89
1039	310
8634	448
4088	123
15153	207
5630	183
12747	242
4769	155
14816	378
5230	412
6278	267
3211	81
7052	128
3305	240
875	364
7582	75
584	445
12794	13
1798	289
14307	132
13987	107
9580	344
8163	287
8506	200
1845	69
1481	222
9319	458
3880	618
4270	272
7582	356
3854	240
7589	285
2407	308
4716	254
8740	445
4973	88
9185	543
14938	27
919	226
9807	128
12825	138
3310	402
3305	242
14622	271
4639	318
13992	226
5788	592
9121	99
5630	258
14307	121
8441	377
12811	380
14170	332
7582	374
11352	88
2226	274
2498	500
6395	128
3452	349
14992	89
5594	266
10898	389
8634	198
14938	25
7814	203
3880	163
2706	489
12724	317
5771	306
2291	368
14514	411
4920	168
11898	66
14574	99
10315	389
13762	10
11723	19
558	213
12298	16
12046	341
8634	203
7953	432
9458	8
6169	140
14622	89
9523	393
5616	264
883	183
11244	367
10368	10
9121	363
12811	271
5649	169
11244	392
5120	490
2544	229
11312	95
7589	25
5545	266
7834	439
9546	218
9458	10
5545	10
14051	436
8634	168
6516	209
4076	444
1481	332
9795	100
9714	622
10363	392
11352	269
1039	311
4941	397
12794	4
13953	4
14574	311
2813	150
5120	332
14514	531
2525	440
10736	140
10828	390
7582	187
2226	271
12565	105
9795	216
13949	618
13915	252
5816	218
7834	15
12050	247
13987	23
1159	145
11265	193
5816	207
2290	143
5120	372
6539	349
3310	317
7589	27
5230	150
12302	502
10564	107
13987	46
10837	205
1857	531
10952	327
14375	54
7834	6
2363	25
11658	183
9084	99
10607	138
7582	10
12353	217
6707	28
13762	632
12214	413
4088	218
14299	273
5771	619
6810	161
4566	421
13987	622
6810	235
9650	221
6125	136
10315	390
13409	16
7863	8
5947	138
14622	198
2363	502
11898	183
2036	97
11352	372
11750	432
6395	27
14375	140
9418	200
6679	278
10772	327
12710	372
11199	200
